0 195 164 246 107 61 221 108 214 57 170 167 78 228 5 92 251 77 168 102 11 13 41 143 176 201 235 87 123 82 189 217 183 96 147 163 8 239 169 159 85 262 31 263 89 0 190 166 261 113 174 103 216 162 54 47 171 83 109 131 121 15 42 45 188 161
1 244 47 307 305 235 276 303 96 121 278
2 319 312 311 338 331
3 295 352 287 47 345 292 251 320 318 315 350
4 371 420 39 146 103 96 85 417 412 202 414 388 250 179 379 97 394 165 385 221 162
5 13 94 468 445 204 451 128 501 499 457 455 463 125 130 129 460 190 464 459 231 56 118 487 96 158 498 469 477 461 131 490 178 166
6 468 618 605 367 193 601 429 77 544 547 504 548 121 189 41 530 27 146 405 181 127 89 167 186 573 604 579 21 155 502 591 188 88 461 487 611 161 278 85 506 408 149 219 201 7 196 457 374 623 474 97 480 130 419 6 460 147 178 532 184 553 477 391 588 198 125 115 616 629 521 584 183 412 69 325 471 496 216 472 299 467 50 95 576 93 129 425 571 617 558 192 168 542 134 96 73 53 556 401 483 603 44 61 150 230 632 413 187 227 420 503 423 592 599 197 389 135 624 430 231 486 478 3 612 560 482 417 606 450
7 21 47 175 165 487 138 53 176 251 121 181 608 169 222 221 188 419
8 290 644 463 279 5 459 362 194
9 570 96 464 278 480 612 118 21 613 193 216 129 474 184 472 495 655 95 419 176 126 459 53 562 121 127 486 204 507 348 47 150 647 565 456 171 175 128 198 190 561 178 454
10 671 685 413 261 8 270 663 694 408 693 616 658 251 689 546 348 279 14 323 667
11 679 447 137 93 197 126 150 14 184 189 697 637 27 389 309 275 235 554 209 154 3
12 208 53 743 174 778 115 143 469 763 538 638 817 173 485 61 412 205 770 256 306 294 201 737 478 154 131 493 506 45 443 490 796 118 147 657 96 477 308 582 448 609 269 459 408 458 400 495 608 783 563 492 227 22 419 3 230 439 438 620 639 307 338 815 503 758 91 285 163 391 611 12 460 11 766 618 722 721 186 807 170 678 677 411 187 414 777 197 468 775 613 32 637 612 795 804 719 272 726 703 83 486 192 216 47 730 629 220 105 695
13 206 167 660 506 53 722 168 96 495 144 394 6 474 174 485 165 197 110 22 612 47 665 278 11 820 231 203 411 31 586 118 294 822 77
14 698 434 435 300 831 298 262 248 47
15 61 657 190 52 187 7 171 202 53 184 138 480 422 612 144 614 21 425 223 221 92 176 157 66 403 611 95 455 562 309 154 292 72 175 30 226 27 167 561 8 458 348 188 472 6 443 209 137 275 91 391 75 3 10 474 193 230 600 227 507 374 11 411 201 0 841 197 220 94
16 394 107 472 651 13 491 279 11 269 130 722 617 186 162 163 408 461 61 95 268 0 217 120 12 309 822 490 820 5 62 401 42 204 8 126 206 480 548 454 94 276 660 572 278 128 231 458 411 182 589 216 214 262 856 505 850 21 203 49 665 131 492 235
17 529 425 157 94 290 53 212 227 625 317 96 194 629 768 193 6 178 767
18 122 251 486 166 179 92 390 419 169 523 231 432 349 201 146 187 161 197 180 491 81 195 177 23 499 174 138
19 251 487 406 369 411 202 94 494 231 488 262 182 0 394 168 118 268 854 96 417 217
20 61 184 704 411 619 453 268 171 279 309 96 8 121 52 231 173 66 169 674 406 7 10 38 166 348 193 11 88 94
21 174 24 251 574 454 167 182 47 162 108 455 94 0
22 94 6 456 96 167 221 215 216 420 251 53 169 413
23 419 886 279 507 235 251 167 305
24 460 657 480 469 490 31 168 130 255
25 235 291 323 320 279 901 315 285 878
26 330 792 791 794 349 903
27 390 53 154 21 559 188 65 167 47
28 91 146 154 632 441 209 906 373 408 381 95 668 378 382 218 892 68 391 90 0 112 78 245 818 134 404 21 84 227 106 193 66 634 686 80 67 93 389 552 909 911 240 305 403 392 430 148 395 907 74 138 477 281
29 343 832 692 281
30 450 168 492 414 161 231
31 408 92 267 552 188 45 98 203 760 348 197 391 95 84 27 403 680 75 677 189 165 187 472 208 534 209 91 223 73 0 166 374 700 55 195 477 389 404
32 61 277 25 108 474 14 371 209 292 309 307 762 605 0 492 203 94 146 184 10 645 265 166 208 53 84 686 374 472 182 24 305 262 394 93 714 862
33 188 617 427 422 243 506 167 221 161 8 202 207 169 129 96 85 61 6 187 47 496
34 103 121 269 96 0 47
35 643 324 935 121 305 901 815 297 692
36 167 300 618 180 611 487 188 126 165 174 459 472 504 176 499
37 44 520 161 53 144 614 168 178 172 87 417 255 899 412 311 416 89
38 246 451 948 484 310 315
39 79 166 138 165 47
40 888 474 614 280 507 14 760 411 21 12 144 18 120 278 251 503 439 309
41 167 96 192 61 586
42 686 630 261 269 318 324 140 692 685 780 397 47 451
43 138 85 266 112 75
44 115 427 215 165 208 223 187 167 212 174 92 53 188 416 6 389 61 408 176 203 111 169 138 197 21
45 296 75 688 275 166 241 96 215 192 61 704 242 309 174 288 39
46 166 660 96 261 265 42 451 956 765 149 239 409 736 268 611 61 58 221 250 822 459 529 960 394 31 118 10 602 417 490 959 609 164 165 168 202 110 598 11 487 206 612 562 358 146 305
47 189 22 664 88 549 523 208 417 11 280 654 231 12 44 126 309 370 530 121 406 672 13 96 201 120 128 45 660 938 536 188 679 42 743 112 503 598 482 412 425 179 165 78 94 193 211 497 47 202 97 411 197 176 487 166 61 884 760 856 48 419 53 269 56 52 348 459 629 600 663 422 604 408 484 169 627 129 438 390 10 174 167 161 490 227 608 474 204 420 75 959 140 607 131 281 547 690 455 93 450 626 305 178 575 191 414 680
48 411 57 414 201 899 501 450 171 176 144 27 474 465 469 468 596 192 556 486 679 567 56 680 482 205 161 491 29 258 599 413 47 418 6 8 689 279 489 574
49 175 417 126 251 406 7 85 166 309 169 157 161 52 243 53 47 231 215 79 188 369 497 980
50 96 886 293 243 110
51 492 714 180 491 657 53 166 990 208 690 591 11 168 67 223 161 202 47 451 420 172 176 262 188 496
52 189 630 93 411 190 309 232 45 367 47 617 14 408 208 83 347 61
53 174 447 686 47
54 61 233 392 953 6
55 230 171 47 251 279 451 268
56 249 261 167 11 53 895 984 45 992 144 143 96 39 239 174 94 47 6
57 404 408 221 290 552 487 459 167
58 85 438 451 53 822 62 250 190 348
59 188 175 411 61 42 11 419 496 408 121 456 96 92 154 309 140 128 205 14 8 612 554 167 94 24
60 614 348 11 121 450 455 85 77 494 166 56 129 164 61 172 147
61 895 472 451 264 846 96 183 144 266 396 397 12 24
62 129 269 980 96 450 143 61 190 22 279 193 94 131 489 53 165 185
63 460 450 188 231 474 415 146 172 167 499 49 85 261 599 239 0 147 166
64 96 239 118 262 279 736 316 6 255 244 900 548 298 18 813 261 110 251
65 442 201 208 96 198 82
66 275 309 94 554 24 179
67 61 457 167 552 161 414 499 96 47 459
68 274 203 78 258 119 21 620 111 248 392 61 197 683 189 167 699 382
69 11 504 505 282 258 61 187 517 83 279 462
70 180 493 660 196 118 192 490 204 440 121 201 657 54 190 128 95 461 145 404 126 459 129
71 251 798 1015 263 636
72 78 203 170 189 204 129 67 1021 202 499 374 84 201 75 637 536 92 61 534 93 467 179 7 154 3 126 209 223 35 96 59 195 192 221 478 716 165 174 419 47 486 197 188
73 790 254 811 795 303 1023 345
74 209 190 677 239 831 121 111 736 376 144 658 647 115 250 493 261 143 262 6 180 944 654 96 789 268 228 47 0 451
75 371 94 1029 24 482 822 11 840 475 483 614 619 505 589 502 562 577 465 462 206 348 683 859 192 299 172 126 29 769 234 305 419 265 262 470 178 171 563 454 408 82 190 196 170 658 570 96 183 13 857 477 184 125 657 561 459 79 137 309 148 898 568 491 209 858 469 49 155 590 450 660 294 565 566 754 461 618 67 85 597 130 1027 411 608 163 278 167 456 1030 536 504 485 607 438 464 440 473 279 146 604 187 495 53 147 376 9 135 128 569 425 611 211 127 753 458 466 56
76 408 188 322 258 642 78 174 167 227 309 491 93 348 169 562 94 121 203 47 30 180 694 21 608
77 115 169 173 305 94 231 598 451 216 494 269 856 85 484 548 202 53 943 191 68 11 96 188 167 719
78 608 204 55 161 338 8 150 42 173 178 673 207 146 196 601 61 47 603 412 614 149 251 459 820 379 96 163 607 227 843 58 186 409 426 216 49 22 7 501 309 147 10 486 604 183 451 172 504 53 484 485 176 822 460 202 482 522 553 494 184 943 679 611 1039 308 736 420 680 31
79 0 167 166 447 13 79 197 617 61 391 614 691 6 66 608 171 382 554 319 184 279 176 168 87 420 192 163 439 408 90 203 657 146 191 68 138 861 491 179
80 87 7 460 602 61 96 163 459 0 1046 47 22 1000 191 178 180 167 6 188 309 174 94
81 221 215 624 85 458 47 109 6 27 612 93 75 414 31 618 348 195 819 129 197 126 176 92 168 184 394 146
82 493 110 587 499 490 24 412 419
83 3 894 47 686 174 396 161 251 10 53 230 96 11 266 61 451 21 111 704 203 305
84 120 503 47 248
85 262 143 294 174 694
86 93 158 187 189 209 184
87 268 491 9 13 131
88 251 585 188 223 523 622 686 111 169 496 92 245 176 165 115 377 369 64 166 204 679 258 75 536 174 390 364 427 157 119 149 167 429 78 69 220 195 222 699 392
89 282 298 304 307 796 265 337
90 557 120 317 318 868 239 319 295 47 248 1057 251 250
91 168 961 176 96 172 85 169 450
92 7 121 227 506 442 487 600 31 451 85 11 180 887 943 846 8 47 171 6 176 348 53 170 22 167 12 233 118 131 611 455 169
93 180 305 173 335 261 196 495 10 239
94 261 174 14 47 392 169 406 161 695 11 894 299 586 53 795 188 111 207 305 215 250 290 172 165 704
95 193 711 611 451 167 417 169 149 520 178 487 22 420 767 177 612 450 211 21 157 31 186 128 173 281 629 819 6 216 75 50 53 129 489 524 311 52 385 599 164 94 203 853 194
96 999 230 215 371 667 206 305 665 959 147 650 268 228 265 615 83 105 374 429 686 103 192 748 111 261 487 96 302 275 1005 47 92 1060 292 10 24 161 788 1007 513 126 203 894 131 345 279 482 119
97 13 485 82 8 94 131 412 54 174 118 455 305 121 686 348 129 666 230 24 680
98 376 664 659 205 67 487 184 168 440 43 173 548 262 920 445 966 79
99 129 185 158 278 461 121 487 658 137 8 480 190 419 279
100 156 183 309 128 232 166 21 137 840 487 197 461 61 70 130 474 187 167 94 83 268 472 90 276 536 84 47 203 75 251 188 657 174 169 184 496 432 292 695 165 138
101 787 793 236 305 1015 319 331 328 634
102 222 369 292 236 692 281 428 215 59 264 334 808
103 562 680 137 276 79 209 61 411 367 552 292 166 409 112 13 130 82 258 189 463 837 755 475 127 78 608 454 459 466 849 154 125
104 227 260 357 193 396 880 536 53 165 523 197 68 47 403 119 52 348 151 2 176 923 626 21 143 583 324 203 128 275 90 63 686 472 32 279 169 167 422 219 382 95 188 510 66 263 290 867 281 105 264 585 137 374 195 65 637 211 242 126 615 690 445 51 477 408 245 397 645 508 78 94 75 230 305 174 405 208 10 390 411 345 739 282 23 803 704 503 441 507 545 514 61 287 1067 312 731 229 178 683 0 189
105 96 694 305 13 279 294 278 118 269 244 235
106 305 692 695 14 317
107 269 13 96 491 279 604 131 309 110 688 501 118 8
108 138 292 519 52 188 254 47 215 165 176 228 243 111 250 259 559 115 174 167 633 203 374 392 85
109 25 499 459 96 94 231 490 495 309 419 180 187 489 11 53
110 295 121 289 96 1047
111 251 267 119 688 448 511 288 292 100 275 237 6 305 112 290 324 277 120 24
112 162 174 324 169 337 490 87
113 322 338 316 324 305
114 146 305 691 61 789 499 47 21 187 32 92 991 183 507 188 612 166 500 66 83 307 129 309 408 45
115 230 53 21 1056 426 382 176 12 47 165 306 243 175 525 196 167 622 337 41 637 266 6 318 223 209 66 75 446 96 39 258 263 522 188 415 11 143 235 943 788 149 904 111 51 250 534 491 275 562 739 609 540 319 307 84 166 425 334 1066 174
116 900 322 1076 265 238
117 811 285 330 296 694 293
118 394 108 67 165 996 505 207 558 68 449 348 162 485 110 483 6 416 66 47 85 202 450 174 53 161
119 174 239 121 451 261
120 9 190 752 11 819 461 363 308 85 376 862 466 413 155 456 498 505 162 221 168 348 454 462 267 660 206 217 216 108 412 481 679 1028 465 79 165 400 61 115 220 616 157 429 309 591 416 182 405 1075 459 49 442 279 131 82 504 164 174 1033 614 268 562 231 125 596 548 126 450 762 204 488 47 475 77 473 439 370 492 499 858 13 84 847 394 258 93 483 89 586 127 0 422 32 463
121 638 105 265 665 126 93 119 715 776 160 213 248 904 720 859 155 184 651 64 279 76 21 459 150 208 917 68 230 1081 66 668 154 14 717 267 724 46 389 928 463 645 127 63 7 166 986 277 115 137
122 61 53 251 348 175
123 168 175 47 456 598 85 129 450 167 190 231 193 180
124 599 173 190 171 180
125 143 121 266 131 0 1082 286 140 1059 261 484 96 111 305 279 331
126 708 183 459 7 501 96 221 175 59 78 131 121 110 419 492 414 166 616 161 268 112 202 85 36 187 123 647 180 195 231 394 277 276 487 167 210 639 53
127 904 121 429 238 631 213 1022 111 302 266 557 23 955 324 120 6 452 269 392 24 1043 776 119 265
128 227 167 153 414 53 180 89 897 460 31 23 646 451 22 175 96 891 266 507 625 241 194 484 286 178 185 821 437 459
129 195 269 265 307
130 638 111 642 305 119 238 141 322 292 112 174 324 692 115 251 361 776 96 284 829 686
131 363 251 174 608 14 215 162 309
132 319 313 292 314 874
133 1083 977 127 370 309 92 454 419 497 7 506 79 488 234
134 144 776 1028 894 24 111 250 275 215 14 686 120 218 891
135 788 562 165 174 657 204 206 637 322 292 251
136 693 285 238 317 874
137 319 279 314 287 235 285 788 297 643 294 298 315 881
138 306 832 617 389 153 447 651 101 111 248 304 323 189 612 63 928 241 27 760 261 13 286 269 843 190 118 155 703 917 209 53 265 671 417 761 231 847 262 429 11 1072 105 683 96 1043 526 271 619 691 8 1061 14 66 331 239 120 171 362 67 370 279
139 121 459 208 472 61 227 404 165 10
140 315 265 297 96 47 239 451 215 6 89 261 286
141 53 85 175 168 172 269 390 96 165 446 22 11 47 129 281
142 70 115 411 281 268 203 55 496 21 250 94 174 27 14 221 454 234 195 292 309 78 91 554 121 93 258 10 305 47 177 679 150 61 615 722 487 637
143 251 307 803 306 265 324 281 816
144 438 65 417 115 79 206 589 406 105 209 53 149 647 981 166 674 615 369 251 678 637 617 94 189 854
145 66 165 408 120 455 174 47
146 459 461 223 170
147 312 490 82 96 987 474 126 268 651 552 118 604 131 1100 371 54 565 8 491 214 121 504 348 1008 459 278 647 276 1005 206 331
148 280 262 121 190 27 82 278 490
149 534 446 824 313 68 41 111 834 219 292 894 75 94 196 347
150 61 110 411 722 616 268 184 608 62 209 617 161 172 7 438 79
151 645 137 92 211 6 586 166 94 404 75 381 590 209 459 474 93 61 446 21 534 686 554 146
152 496 933 53 19 190 0 438 456 899 472 958 590 609 166 209 614 137 460 481 459 92 268 287 486 450 455 128 187 167 596 227 970 85 408 189 165 95 276 197 126 938 231 503 562 200 476 463 118 184 47 171 158 144 168 3 9 846 127 417
153 294 447 305 265 230
154 1104 294 251 277 96
155 461 121 96 192 66
156 496 53 499 11 121 185 61 27 21 443 612 231 166 161
157 174 96 608 126 44 121 137 305 429
158 612 64 620 279 645 7
159 92 487 491 169 427 486 608 174 180 188 85 694 121 75 167 203 419 21 258 165
160 129 348 181 611 176 167 871 991 97 53 179 121 507
161 261 235 279 451 110 8
162 215 627 309 296 92 356 10 552 454 220 258 222 184 415 211 115 348 137 78 545 166 305 167 201 176 221 203 269 47 140 416 119 699 405 95 0 491 1107 66 162 27 381 85 188 94 316 349 65 536 408 111 472 459 126 374 823 422
163 196 305 269 425 315 331 316 53 227 710 548 942 985 172 165 121 309 178 981
164 174 323 47 241 281
165 331 285 900 289 42 294 295 235 163
166 294 281 803 306 305 337
167 309 1053 180 146 459 121 348 209 61 307
168 209 620 190 84 204 419
169 244 47 0 278 121
170 197 93 503 267 348 154 129 589 128 391 425 195 193 70 47 250 204 175 180 269 145 190 121 203 165 22 53 458 174 459 201 408 146 490 306
171 250 408 198 192
172 190 371 503 192 261 504 239 589 309
173 266 165 166 11 45 138 47 75 664 144 129 197 490 679 93 348 193 586 173 562 126 115 167 267 714 231 96 309 192 207 478 149 137 480 178 23 454 180 121 277 439 459 185 53 157
174 39 144 172 938 201 278 6 53 229 318 488 214 11 22 126 315 178 411 607 61 173 451 149 168 943
175 408 144 915 176 416 418 220 169 456 472 305 47 936 221 188 493 53
176 52 167 189 66 11 290 608 6 3 406 275 143 193 116 451 181 305 208 838 309 149 10 719 39 230 96 94 21 679
177 21 78 188 545 638 224 632 75 53
178 202 492 11 943 176 169
179 172 126 108 208 262 371 575 769 251 589
180 45 261 165 243 309 96 123 669 265 23 61 149 266 92 337 39 203
181 694 166 50 21 129 165 66 92 6 119 138 232 189 690 8 11 197 269 292 536 211 121 309 85 75 679 221 179 497 30 231 10 27 319 53
182 862 230 209 290 66 21 91 894 111 68 305
183 21 619 915 309 93
184 230 456 130 165 403 21 1033 411 563 565 657 208 187 486
185 235 162 13 8 94 251 394 663 85
186 288 286 6 89 131 123
187 305 265 643 279
188 686 296 856 367 203 189 389 47 119 146 7 683 269 348 460 93 461 68 403 491 75 94 845 258 27 230 91 411 0 78 405 216 126 287 552 474 472
189 459 49 87 168 657 596 306 269 77 53 92 437 309 450 294 126 163 96 996 45
190 195 348 851 45 167 54 94 601 205 468 66 262 93 536 269 305 1026 53 491 242 68 482 459 254 185 44 189 503 190 197 268 91 679 591 474 552 309 362 497 480 209 487 454 22 127 121
191 657 128 495 1124 7 563 163 87 457 460 459 611 187 974 491 171 773 565 190 474 159 487 449 95 192
192 67 404 487 268 419 450 657 186 499 190 204 187 899 488 498 309 459
193 54 279 674 482 163 679 178 216 14 404 48 573 66 416 459 209 53 121 8 408 309 694 319
194 504 96 1024 176 455 489 562 394 162 121 128
195 958 942 265 467 187 489 8 92 451 55 505 180 9 454 571 308 176 94 625 129 822 191 1056 455 506 469 611 118 492 7 529 1033 653 930 607 769 562 128 484 416 188 168 753 464 848 620 200 680 331 503 460 422 155 629 450 488 62 406 47 854 475 411 697 126 465 143 418 214 412 487 689 42 158 957 438 820 164 609 173 590 235 39
196 305 805 293 281 265 262 235 803
197 987 829 998 297 352 1090 298 322 261
198 214 548 487 308 590 1071 82 184 278
199 147 85 609 231 687 230 485 97 172 201 957 705 184 921 161 251 189 795 210 144 550 39 776 770 193 513 526 669 612 239 61 309 261 2 47 348 503 162 308 417
200 194 409 65 103 959 803 253 144 609 767 231 535 11 77 166 281 212 685 171 174 165
201 680 105 47 27 61
202 111 451 121 176 191 491 179 10 768 108 169 47 61
203 234 690 10 118 75 21 175 55 415 162 65 96 191 94 455 592 52 39 819 639 960 554 8 79 108 915 276 196 85 11 61 719 230 459 308 129 890 438 456 730 53 406 166 251 241 941 149 6 202
204 558 193 61 456 88 68 862 736 987 450 129 312 66 47 477 305 630 96 880 91 434 1109 11 943 184
205 892 138 47 126 176 230 496 571 165 242 290 21 61 305 144 686
206 8 261 268 96 0 396 269 451 279
207 441 486 176 459 191 121 166 503 111 83 657 61 472 75 94 552 21 470 11 195 642 461 183 92 458 616 0
208 47 167 93 127 305 7 408 203 427 174
209 242 704 94 227 635 53
210 716 82 463 24 665 834 645 273 284 271 188 154 11 374 1 219 181 3 534 686 824 119 950 523 638 712 1038 449 115 94 549 85 0 227 112 707 536 30 75 637 178 738 84 14 21 51 111 144 683 281 4 614 314 514 631 586 78
211 56 269 47 96 507 1123 887 315 174 548 451 980 370 305 279 57 54
212 305 302 695 782 692 265 323 279
213 11 173 305 348 308 985 451
214 878 962 902 317 353 305 791 800 1054
215 331 784 330 902 350 396 801 640 119
216 61 309 660 125 462
217 169 404 401 499 265 66 1131 309 128 137 198 91 502 61 155 471 408 459 605 618 156 188 161 181 21 472 96 977 307 167 643 517 474 603 503 677 491 126 487
218 193 669 480 451 388 941 616 492 529 201 53 722 530 212 660 146 276 209 161 176 689 203 422 417 39 11 565 960 231 168 611 172 197 215 262 187 177 281 18 490 178 204 195 175 454 562 96 501 6 89
219 686 292 554 230 290 111 692 96 275
220 494 108 611 47 460 180 440 6 943 243 168 170 23 417 451 450 604 165 221 32 122 169 719 491 61 394 138 175 118 162 167 172 199 173 149 202 179 44 146 96 121 191 53 474 459
221 198 108 459 146 450 162 239 128 294 548 611 456 196 167 56 47 261 57
222 498 239 278 149 854 598 821 331 125 505 852 621 809 170 206 482 770 507 168 269 451 164 503 938 231 488 411 187 882 685 96 895 409 513 348 190 45 178 601 412 39 53 499 184
223 24 94 529 714 680 361 442 716 298 318 376 67 972 274 658 368 558 421 685 148 166 149 279 215 234 727 211 288 691 281 995 210 268 447 781 389 1038 684 246 176 550 47 25 57 663 86 4 272 673 547 771 530 888 549 157 647 406 206 511 193 943 944 310 244 117
224 126 180 458 204 21 47 184 165 173 193 163 185 309 61 600 414 258 67 471 186 617 502 94 362 121 496 227 348 187 503 497 437 3 198 474 487 294 611 93
225 171 11 959 121 450 21 348 459 497 445 75 204 490 203 22 92 198 168 611 231 193
226 760 47 692 24 268 472 454 79 310 663 143 157 174 703 94 275 96 66 204 638 8 14
227 61 174 404 450 348 150 173 10 413 309 53 169 21 767 265 227 416 231 331 294 161 411 121 207 149 162 394 87 199 129 179 197 216 408 118 191 94 251 190 610 47 185 562 96 290 144 138 194 8 176 451 305 188 167 0 166 455 6
228 562 501 21 262 166 298 279 305 696
229 147 685 161 690 467 156 354 1106 1138 394 168 23 108 200 166 202 258 882 611 201 111 835 380 194 177 24 229 226 441 669 749 450 662 146 122 388 559 182 103 432 1036 478 179 616 162 891
230 589 121 904 10 307 50 111 91 98 1085 514 671 37 1009 837 1102 452 146 267 281 53 94 213 1125 1043 228 315 917 193 650 306 378 12 63 358 503 148 472 462 401 7 1040 958 21 617 826
231 967 416 179 39 660 616 231 203 47 119 91 419 195 161 201
232 293 338 265 261 295
233 143 144 281 514 305 294
234 892 368 281 146 168 70 81 1086 33 642 144 79 915 332 262 1062 441 265 241 404 636 10 301 682 282 391 54 790 1075 714 598 677 160 370 1070 179 383 244 615 962 792 105 1094 140 217 552 658 172 862 330 511 327 412 417 91 914 945 306 203 126 797 459 307 67 293 686 429 3
235 318 0 287 242 10 53 894 211 36 149 337 554 437 241 27 111 284 194 331 760 47
236 265 121 189 195 807 331 12 796 292 66 61 171 348 337 21 173 518 411 336 1091 496 130
237 137 47 68 151 408 416 21 165 203 459 167 0
238 138 639 14 412 6 219 442 685 436 50 161 396 432 53 167 535 172 472 149 45 664 287 23 174 281 943 638 8 426 547 4 231 445 75 11 451 0 21 203 86 1042 118 715 111 96 66 123 239 624
239 167 10 618 188 269 176 9 169 464 96 501 614 144 413 819 451 487 460 769 611 166 75 79 53 408 227 200 138 311 616 161 216 121 183 55 458 149 202 173 94 504 759 943
240 129 472 460 657 611 150 604 165 128 450 456 61 562 610 85 175 192 45 47 459 482 468 227 167 494 185 173
241 264 121 281 243 562 241 451 338 290 262 115 47 242 144 305 174 514
242 211 854 656 44 459 673 166 392 859 469 680 582 146 1122 1043 1102 24 147 681 208 474 968 157 561 94 150 6 234 309 904 1011 612 82 419 109 184 472 617 87 57 589 119 402 128 195 415 201 587 66 206 189 93 62 531 473 371 209 370 67 179 96
243 657 484 19 215 413 769 241 251 45 279 265 486 411 79 854 943 92 285 991 611 94 270 461 165 694 480 822 53 118 856 197 760 115 458 42 128 85 262 419 184 250 348 52 191 286 96 119 620 173 192 504 230 244 491 214 456 121 586 305 47 249 18 293 306 0
244 54 268 279 216 82 11 491 93 451 94 53 47 231 137 265 131 67 562 108 7 147 251 290 178 167
245 7 474 472 230 478 608 68 171 459 503 187 414 128 309 0 75 506 562 121 419 198 137 161 563 204 408 201 84 186 208 404 126 455
246 121 209 438 278 143 166 417 517 56 168 163 183 884 490 450 244 459 206 463 241 57
247 75 195 167 472 165 373 91 608 175 208 92 904 348 262 197 552 174 188 103 190 432 78 40 61 646
248 66 128 154 169 202 419 175 172 886 196 255 611 123 174 195 8 309 187 227 75 429 92 146 87 176 64 212 683 177 230 722 657 194 608 39 165 201 261 178 279 483 459 149 209 493 91 458 562 376 501 348 615 331 144 47 607 161 208 715 61 660 96 53 163 94 450 21 143 22 262 121 38 167 89 239 126
249 411 459 47 182 822 505 202 209 162 348 596 506 128 200 820 770 503 11 61 456 723 244 306 164 45 0 371 660 394 278 896
250 13 235 298 110 262 143
251 85 166 251 68 305 222 503 162 439 147 77 146 487 394 408 450 108 207 179 79 223 220 174 250 202 0
252 77 180 290 3 478 487 185 417 657 11 170 474 442 231 621 168 85 96 123 458 22 394 150 445 664 194 488 188 53 603 470 536 412 129 408 7 620 31 10 146 562 196 47 552 128 278 145 938 1010
253 110 760 296 250 13 244 900 268
254 94 196 79 374 165 27 357 536 222 198 95 197 445 367 78 171 167 502 659 130 953 555 186 176 14 82 85 499 306 47 128 258 309 209 170 694 189 408 455 348 221 496 477 73 166 61 275 53
255 127 541 470 820 599 456 589 128 1033 528 597 629 54 227 457 474 126 348 562 92 125 458 262 459 465 550 472 616 268 7 163 563 198 556 657 49 504 517 479 450 613 552 489 183 130 108 188 915 570 176 861 172 496 663 610 591 85 773 464 67 0 199 439 180 167 765 469 497 611 500 625 637 462 486 769 567 178 201 158 159 481 495 416 620 752 572 898 513 467 184 463 507 454 491 200 502 466 566 558 840 455 411 614 9 553 1080 485 569 627 571 565
256 575 92 184 464 198 173 130 419 458 126 129 70 96 196 491 477 66 128 474 450 178 501 456 472 171 405 620 459 414 455 47 591 422 499 176 460 127 188 479 416 481 204 195
257 27 91 645 989 823 679 28 581 554 261 197 626 39 137 132 248 1042 275 148 704 61 281 230 68 986 635 403 683 84 239 841 271 367 552 119 738 10 1084 880 154 651 760 669 63 287 195 586 250 396
258 297 507 611 216 294 52 149 278 121 562 96 262 231 11 722 53 24 168 489 147 202 279 600
259 94 206 522 18 183 276 915 497 439 309 184 822 608 507 279 268
260 250 605 197 569 190 187 306 485 121 404 151 155 461 230 419 179 14 204 614 150 650 66 25 67 184 503 262 683 309 677 96
261 170 65 203 166 415 93 21 149 177 88 523 16 115 197 188 841 446
262 574 459 1026 198 473 460 491 58 591 486 126 416 563 190 419
263 190 31 47 455 185 178 172 187 497 305 175 61 22 613 562 294 504
264 121 688 21 196 443 173 165 208 53 925 10 22 47
265 692 447 290 954 698 292 8 299 781 281 241 287 253 13 47 282 275 252 451 0 269 397 293 263 704 331 119
266 414 172 482 170 450 460 129 178 416 168 752 121 501 95 459 131 418 47 22
267 47 472 309 677 502 178 138 422 612 455 375 94 506 503 501 572 176 461 614 459 418 575 166 460 491 219 474 486 523 171
268 185 181 227 592 8 126 852 819 775 853 194
269 495 499 504 181 126 258 486 96 459 618 176 21 491 150 196 234 27 11 265 121 279 637 127 85 309 496 642 338 474
270 130 228 48 208 558 441 7 41 197 47 174 562 206 268 461 201 93 55 522 69 44 645 193 760 146 165 84 411 186 68 127 704 403 920 552 279 21 167 63 404 91 70 112 948 651 231 126 94 27 429 536 674 203 617 190 446 209 683 120 776 30 608 477 250 66 0 862 14 276 374 195 20 856
271 44 66 297 56 77 173 842 851 635 1079 262 296 294
272 646 221 222 277 225 429 627 1020 94 141 894 251 78 612 292 281 345 174 1041 93 211 826 21 4 138 317 91 121 637 167 175 7 11 10 152 704 266 952 559 324 319 690 230 632 245 275 446 220 227 803 203 608 116 428 165 115 686 287 223 92 314 53 750 305 112
273 63 683 307 84 306
274 562 96 457 216 56 294 889 6 620 501 161 609 507 548 337 47 600 408 464 289 459 214 813 109 565 11 221 460
275 338 809 299 292
276 147 944 891 895 209 146 116 161 703 86 230 67 39 197 25
277 223 686 129 115 215 491 447 496 14 221 47
278 394 460 620 128 548 562 492 163 456 611 489 422 659 490 466 129 607 206 49 190 464
279 126 770 451 191 11 31 646 553 454 627 499 455 168 589 22 566 279 498 472 600 129 445 618 501 175 185 562 0 53 262 85 42 172 437 87 460 895 202 96 459 348 121 506 412 660 598 190 128 173 606 21 620 487 153 504 411 192 61 149 464 77 198 1103 125 461 231 184 166 130
280 0 392 983 403 258 502 68 552 841 208 192 84 496 166 402 137 63 14
281 789 285 796 902 321
282 281 126 1093 168 184 53 55 182 614 31 979 96 529 493 123 736 172 137 22 117 202 565 293 125 358 138 520 186 44 613 458 394 417 244 463 205 475 370 209 311 10 162
283 129 78 612 268 19 11 450 408 204 722 459 221 184 156 434 819 7 611 243 192 714 872 451 126 474 475 66 187 96 49 168 10 162 411 167 22 315 497 573 506 0 484 173 224 82 348 289 54 146 325 503 427 3 47 169 614 229 62 128 94 172 915 121 6 53 77 309 8 499 27 269 565 216 50
284 298 113 168 620 536 306 42 183 188 11 8 184 169 201 176 244 348 265 131 463 7 991 144 13 118 85 167 191 358 121 278 647 660 492 162
285 45 144 278 166 244 209 429 214 306 422 617 672 96 294 61 126 48 262 94 303 265 548 120 189 163 53 137 216 67 290 47 703 184 118 83
286 32 127 128 284 788 167 21 540 415 11 47 292 173 53 174 165 1 472 309 496 52 121 374
287 21 75 138 161 419 66 81 281 292 448 232 78 284 175 126 290 52 53 119 396 852 121 669 94 266 165 226 65 390 180 150 73 233 347 111 446 30 704 324 47 915 174 612 238 523 196 686 72 181
288 826 281 140 305 934 120 105 115
289 19 9 269 278
290 167 614 553 279 563 127 165 178 130 47 455 491 172 188 161 419 126 611 22 459
291 788 305 874 878 694 698 279 317 318 292 313 282 314 323 302
292 175 176 536 85 165 47 123 138 53 36
293 279 307 265 323 251
294 235 647 82 168 278 58 371 811 142 206 680 118 54 562 621 335 49 130 550 489 492 96 19 485 798 697 660 110 244 56 509 303 295 57 370 504 565 263
295 305 642 265 324
296 215 119 112 317 774 392 776 663 230 869 0 688 273 263 9 140 447 111 144 1068 266 213 519 105 268 296
297 126 773 309 206 548 899 7 488 1143 885
298 305 394 6 279 290
299 487 13 128 679 190 244 159 121 856 9 22 118 459 163 198 348 279 96 61 611 618 915 192 497
300 279 660 178 196 96 493 507 190 489 419 166 490 163 414 158 183 22 206 94 614 205 616
301 324 304 294 341 642 323 292
302 1136 182 886 52 108 897 299 145 122 450 162 92 412 131 215 696 10 111 426 290 308 614 661 178 165 164 53 691 394 47 86 166 241 228 819 3 44
303 293 736 312 143 281 987 96
304 767 426 626 425 178 420 157 422 541 53 768 212 530 94 424 531 210 625
305 243 16 622 96 53 194 281 819 169 172 176 315 294 6 177
306 16 311 194 305 210
307 264 174 108 47 165 819 261
308 258 202 469 250 566 618 562 262 422 294 411
309 93 230 620 94 75 227 258 408 21 503 348 179 415 176 66 73
310 152 212 593 193 176 626 141 520 318 531 73 547 279 22 178 425 324 75 281 420 94 211
311 647 672 147 283 234 85 65 108 271 197 203 98 429 367 262 309 189 660 714 45 612 416 182 179 158 68 166 174 268 972 159 415 162 91 79 841 472 95 21 252
312 123 119 193 679 175 789 216 209 230 708 83 922 27 645 258 918 223 302 442 68 96 53 138 179 154 823 219 66 781 523 856 441 93 61 434 45 112 73 536 167 94 190 178 889 185 222 275
313 281 147 305 94 187 265 161 166 227
314 49 282 184 294 558 127 45 8 279 11 445 590 587 21 504 309 206 444 548 268 166 308
315 195 496 677 7 169 456 94 498 402 612 204 472 480 506 3 145 562 172 121 504 180 96 11 278 536 589 184 75 411 616 167 198 61 138 118 580 197 244 125 131 231 348 611 53 171 179 400 166 187 478 601 92
316 506 279 11 183 85
317 548 47 205 184 609 209 449 474 296 129 127 168 85 19 309 276 95 805 657 455 505 416 144 13 463 598 490 126 0 501 485 422 287
318 450 1045 457 53 173 22 458 325 56
319 450 312 620 562 82 131 489 13 8 459 190 411 129 261 348 611 936 331 456 306 493 278 196 490 128 231 175 614 126 173 454 472
320 265 307 305 282
321 1092 214 500 450 1145 278 465 53 45 394 456 108 980 122 182 899 956 562 1143 178 455 804 7 128 162 185 607 17 766 231 1000 629 1003 840 31 414 228 43 1058 609 1137
322 53 31 193 886 217 194 759 161 437 646 175 162 768 992 182 49 1030 23 108 348 216 1052 522 202 47 129 149 231 221 89 846 95 185 664 491 183 186 418 21 450 546 819 632 770 123 198 85
323 305 111 302 317 643 686 290 537 259 324 281 530 251 230 633 294 0
324 572 613 483 367 468 96 1033 1080 469 454 391 680 1121 474 268 651 1075 657 858 451 47 460 165 490 126 121 450 201 569 459 66 564 589 408 178 161 456 457 184 822 231 95 467 276 278 195 53 411 752 625 190 614 56 552 477 294 128
325 877 96 296 268 120 310 294 0 251
326 53 25 173 190 348 450 506 231 121 486 193 11 61 198 57 58 325 480 487 856 56 618 562 167 8
327 171 294 158 22 172 310 94 312 991 159 7 487 590 261 95 192 173 163 128 607 165 491 282 467 239 121 250 202 458 657 574 265 886 190 47 174 305 331
328 704 11 130 1117 333 319 47 1010 554 383 307 165 140 166 263 894
329 64 536 167 210 221 111 871 408 612 75 47 201 53 374 138 6 305 94 188 404 401 231 472 179 65 92 172 21 85 197 23 66 195
330 165 306 590 167 356 61 203 94 250 367 334 174 93 147 85 208 47 0
331 6 171 53 614 657 294 167 489 480 459 574 170 121 149 164 129 22 190 408 599 96 185 192 570 128 165 47 179
332 66 408 47 496 469 165 138 14 209 221 605 155 1120 382 419 461 91 456 27 467 78 190 118 187 472 167 563 126 198 474 497 171
333 823 189 552 90 451 690 309 691 137
334 197 419 189 155 138 504 526 307
335 456 121 144 455 45 487 92 175 279 491 197 0 269 459 486 91 268
336 115 141 6 447 692 215 228 96 112 140 47
337 203 645 179 165 129 121 543 429 503 627 309 185 408 843 530 430 612 47 63 64 677 70 411 608 834 936 390 21 90 366 126 208 188 227 212 347 928 757 197 22 11 137 680 231 1041 724 166 405 211 201 61 35 281 44
338 45 149 309 564 602 439 477 653 188 571 458 192 174 419 95 47 157 604 487 176 591 39 553 899 502 165 168 129 599 197 450 172 204 127 418 412 474 183 582 391 49 620 187 128 92 475 184 115 123 31 403 126 173 489 93 278
339 167 231 53 166 178 96 472 202 7 94 128 147 616
340 692 310 306 294 315 263
341 47 616 56 456 455 147 196 161 413 465 93 129 450 57 184 574 490 472 85 197 411 94 165 1026 279 179 202 618 1119 172 566 1148 604 13 481 96 348
342 165 161 179 660 258 47 174 203
343 309 166 592 6 53 92 165 269
344 118 289 174 268 295 47 13 279
345 96 265 337 251 294 281 10
346 1143 319 53 173 188 456 692 507 130
347 119 347 265 203 270 227 53 296 411 171 101 455 392 48 482 111 852 61 167 293 51 566 831 21 206 859 161 477 251 281 456 472 886 374 197 319 422 120 148 190 691 389 78 507 330 79 683 308 189 491 645 694 77 234 944 276 1109 358 690 817 138 444 637 12 241 11 552 317 149 585 83 94 67 544 348 55 438 137 502 390 187 244 1142 554 8 279 0 121 268 305 192 115 47 704 615 188 617 894 23 202 174 630 310 447 232 30 180 1061 698 274 639 452 27 931 204 724 165 93 193 209 63 476 62 898 782 309 679 7 288 176 367 184 674 208 130 651 485
348 79 189 61 188 10 94 169 77 673 459 53 85 279 374 207 494 690 166 14 600 179 489 348 91 598 183 216
349 262 251 806 281
350 657 166 464 298 128 13 454 574 563 96 47
351 276 697 268 244 96 489 13 82 460 183 118 121 769
352 422 149 231 85 175 492 167 169 111 53 628 227 11 47 138
353 819 266 269 193 396 315 243 94 622
354 265 251 269 8 294 554 694
355 8 287 268 282 314 324 514 684 948
356 264 451 165 53 215 281 294 149 348 337 161
357 456 562 413 192 565 309 468 614 464 178 611 411 657 459 127
358 833 635 332 633 256 1079 783 238 877 641 1062 295 832 634 350 878 323
359 643 694 305 786 292 265 306 294 238
360 82 487 415 309 915 411 128 163 14 204 159 158 131 507 11 561 161 144 654 231 143 241 269 66 460 21 290 108 503 174 47 183 184 331 165 459 196
361 123 230 1088 214 94 96 118
362 230 47 923 704 306 143 174 484 250 242 586 281 275
363 294 47 614 57 187 56 11 884 167 819 269
364 519 213 119 955 704 998 230 867 453 105 826 267 144 280 281
365 438 586 266 153 166 334 396 164 177 305 78 49 47 10 167 193 751 663 374 309 161 417 11 192 176 239 169 188 30 152 199 1064 165 212 532 322 42 61 545 0 24 92 299 172
366 615 417 686 760 150 63 718 121 690 1127 212 536 557 606 305 612 586 866 175 79 318 331 197 482
367 974 404 13 190 429 999 475 408 47 620 455 94 125 391 459 127 209 449 269 118 614 126 201 370 611 886 11 128 566 473 548 680 144 439 131 231 178 458 912 562 1155 268 197 573 412 137 660 167 483 454 285
368 452 47 312 230 115 776 273 238 738
369 13 235 230 278 269
370 795 914 276 863 264 832 820 1023 164 82 1150 694 962 341 1026 811 680 1062 320 304 235 265 352
371 594 661 53 648 61 169 221
372 251 279 331 11 334 301
373 47 96 244 8 298
374 451 852 337 331
375 115 96 65 173 167 6 176 129 251 460 459 856 241 85 92 991 138 53 149 12
376 262 804 694 336 310 294 935
377 131 205 269 121 654 697 1103 1027 262 58 56 96 831 278 943 57 598
378 446 136 209 155 138 172 616 1005 472 376 258 187 837 137 230 145 496 204 811 133 499 454 85 231 46 167 404 822 998 97 265 680 658 490 570 812 478 1024 186 566 121 367 201 590 126 695 915 860 450 458 275 146 192 348 1013 482 305 1043 130 483 466 294 25 608 178 162 999 175 180 232 473 503 369 159 568 1042 271 184 190 565 580 411 457 831 120 285 160 415 605 208 807 84 262 724 591 83 161 528 475 166 154
379 287 322 253 281 324 319
380 184 26 85 115 66 178 559 722 262 459 1110 154 470 236 594 823 458 455 422 441 408 45 147 842 309 773 494 190 21 118 472 6 121 448 67 96
381 239 6 39 10 165 96 269 149 451 47 348 11 21
382 265 645 309 305
383 129 53 487 120 93 184 190 121 408 47 78
384 455 617 163 172 562 165 451 337 889 261 450 548 888
385 185 476 503 149 278 744 42 75 11 221 450 45 121 251 108 150 412 19 61 92 128 161 608 459 165 138 137 126 167 227 179 348 507 96 7 258 438 166 85 446 612 131 526 184 202 21 1009 47 216 56 79 190 193 915 188 392 62 590 183 552 169 178 173 232 209 8 78 309 207 155 548 660 93 187 186 197 176
386 184 762 145 11 850 82 286 308 8 394 121 414 162 13 694 872 552 502 804 128 196 55 611 490 940 276 290 180 460 294
387 115 7 21 243 776 141 448 6 111 877 165 94
388 303 13 269 491 96
389 635 282 323 312 305 302 281 21 292 10 265 230 285
390 121 118 214 110 251 19 293 246 276 796 294
391 262 458 660 187 657 251 286 562 294 241 299 288 496
392 61 168 251 6 489
393 322 306 791 809 111 294 335 298 92 881 305 138 21 1016 167 1158 47
394 103 261 96 991 118 6 269
395 202 483 68 474 3 126 175 94 286 562 348 207 166 53 138 171 612 188 21 24 143 239 96 92 93 173 0 44 209 146 309 411 47 167 78 856 129 942
396 489 475 460 506 187 128 9 1148 822 657 471 459 613 570 61 548 487 466 279
397 47 484 143 276 447
398 134 453 90 7 98 407 828 441 218
399 10 186 251 161 427 243 174 387 114 188 691 309 568 369 536 683 248 545 210 525 451 668 281 2 530 615 972 46 0 531 415 222 612 692 353 827 690 453 197 69 523 695 515 63 221 86 178 53 6 65 952 706 334 176 11 115 27 544 964 66 48 264 305 28 97 944 219 232 61 179 166 78 1 203 126 165 1051 559 90 733 375 167 686 32 532 349 23 154 168 75 365 701 617 416 392 358 390 223 215 119 989
400 266 991 261 110 268 8 239 451
401 7 456 504 169 173 460 96 450 307 184 73 258 75 482 658 165 227 278 189 203 505 174 10 192 176 337 188 187 562 497 196 129 166 439 437 68 6 459 94 269 14 202 856 489 419 475 204 208 11 66 560 13 487 42 473 175 503 47 616 110 85 172 347 617 534 294 61 660 496 198 506 12 143 550 502 306 279 608 93 614 466 181 167 190 309 612 491
402 96 307 252 809 47
403 187 661 204 179 161 166
404 738 660 84 248 24 282 526 917 926 670 46 268 105
405 137 309 144 269 472 281 370 94 704 230 209 348 39 331 25 429 536 758 443 11 61
406 161 167 465 590 121 174 0 275 840 166 176 251 309 673 487 191 608 991 7 456 450 150 394 162 568
407 183 167 159 158 7 206
408 500 419 209 605 616 481 146 183 276 82 67 474 174
409 103 223 276 47
410 67 188 92 608 258 221 714 251 0 195 309 66 53 286 823 552 47 14 220 93 250 223 612 305 197 166 645 174 215 130 411 75 222 167 27 146
411 447 278 781 251 121 6 796 118 13 789 1154 987 491 8 244 47 96
412 273 446 286 111 11 130 258 42 83 154 187 189 195 677 65 290 724 176 75 122 2 167 292 637 897 820 266 849 93 232 92 686 223 608 0 894 367 78 30 52 251 609 169 265 138 96 119 645 263 1105
413 444 83 61 183 208
414 1076 265 334 322 294 814 346 642 259 902 633 306 318 696 316 1159 349 307 251 323 695 799 694 698 337 342 313
415 42 614 266 807 278 118 96 489 110 611
416 309 121 487 180 822 235 504 53 503
417 66 695 415 115 78 96 203 609 519 75 504 503 1069 318 258 309 165 169 143 91 47 251 56 174 111 432 459 164 21 202 348 68 181 176 232
418 61 176 47 96 167 14 411 215 348 62 137 292 231
419 167 68 146 399 134 223 368 53 193 228 65 165 103 215 210 381 156 547 446 985 686 207 607 378 441 47 275 348 472 220 140 161 177 188 971 51 144 221 61 94 637 922 150 419 1128 408 401 10 839 179 415 481 258 499 97 169 174 448 227 75 390 427 166 115 82 225 114 1056 172 947 497 176
420 673 820 39 83 36 174 711 127 508 531 85 47 166 165 184 53 9 609
421 154 161 121 672 180 690 166 1052 609 174 21 149
422 185 190 609 488 196 153 149 85 168 821 621
423 487 490 439 411 694 200 309 1082 959 7 614 66 265 348 809 459 796 244 11 191 305 184 620 250 503
424 753 863 168 269 53 39 228 239 659 451 129 490 261 570 455 1005 57
425 121 451 940 685 956
426 174 616 807 121 166 131 305 566 234 531 464 226 611 239 19 169 714 42 128 414 1026 474 161 309 529 179 458 289 203 209 47 268 18 9 411 126 574 422 127 684 159 408 416 261 44 0 658 206 1132 219 227 124 647 75 167 176 472 262 216 548 298 214 183 190 94 96
427 400 281 127 68 986 126 251 65 250 94 309 216 426 381 121 674 452 178 530
428 474 389 367 127 472 502 552 21 563
429 470 47 486 496 169 562 619 78 175 618 506 570 391 176 168 227 208 408 203 419 66 690 174 180 536 473 637 161 386 7 686 458 91 195 68 897 661 75 472 614 657 167 499 187 170
430 334 329 745 910 314 635 801 140 238 746 292 642 264 294 392 307 319 951 788 805 290 694 306 692 325 250 215 305 631 802 644 115 243 47 559 245 281 1049 695
431 165 143 202 0 209 97 144 173 482 504 450 178 147 408 126 184 348 201 500 490
432 285 305 264 789 781
433 191 309 10 93 503 53 266 279 176
434 111 258 174 215 314 47 245 203 683
435 92 690 182 294 79 0 408 197 394 677 358 39 203 232 268 67 221 27 207 305 162 166 6 167 409 93 47 209 184 105 915 11 661
436 809 47 162 617 279
437 292 360 268 47 251
438 24 819 666 638 215 649 112 266 776 111 762 269 119 115 100 586
439 1160 343 1070 326 340 815 327 1151 256 814 291 787 935 1150 321 259 1076 305 342 633 331 341 1159 810 1078
440 262 235 279 805
441 199 261 103 11 232
442 96 499 414 172 11 185 486 128 22 497 129 456
443 108 371 492 235 382 79 830 47 888 587 658 201 262 278 174 182 7 197 156 187 110 776 592 0 67 298 620 203 1027 892 923 429 13 848 251 248 190 250 416
444 198 85 617 175 180 172 121 503 603 279 96 93 760 480 1007 545 123 660 105 127 118 487 458 204 425 358 611 474 484 209 646 234 1108 13 36 652 22 201
445 262 306 630 394 831 0 286 948 47 451 96 294 278
446 121 197 603 278 592 660 21 490 56 483 493 413 231 608 6 96 170 175 625 604 176 146 487 165 173 178 184 180 618
447 232 55 614 47 187 167 174 203 166 79 30
448 171 348 57 184 61 189 213
449 878 314 304 294 279 643 805
450 562 91 209 126 690 612 645 972 92 704 491 203 198 444 638 554 277 234 1129 532 406 476 536 63 292 461 161 632 294 111 391 694 10 188 446 448 348 144 816 502 404 615 190 1043 141 48 458 157 477 8 486 0 530 594 93 482 119 221 337 725 41 841 389 578 23 73 630 288 511 309 3 211 174 223 133 96 472 716 184 459 101 415 496 78 75 591 456 1021 265 6 130 296 305 358 270 552 467 196
451 47 428 121 414 472 215 536 174 305 203 127 96 19 190 691 408 620 198 119 309 126
452 432 111 904 554 23 233 433 1030 586 447 686 640 875 140 266 287 0 324 929 396 666
453 753 482 847 566 484 417 679 478 161 497 408 202 55 736 197 454 490 419 123 203 459 166 127 639 614 425 589 57 83 529 8 611 187 130 206 310 61 659 472 409 216 44 483 856 96 494 251
454 167 137 223 258 66 47 550 487 156 182 220 446 309 79 619 129 915 472 162 165 690 68 206 450 203 968 183 658 534 474 456 394 680 161 378 936 7 221 367 411
455 128 198 601 129 255 517 121 450
456 184 472 94 66 93 231 208 121 180 21 309 192
457 371 618 235 18 459 146 850 190 163 295 66 262 126 310
458 203 716 617 404 174 250 7 608 47 452 227 136 699 87 403 68 616 134 841 75 367 258 450 165
459 53 184 22 121 44 185 348 95 411
460 129 200 183 362 450 53 128 11 1004
461 203 221 448 210 68 0 174 250 223 92 115 166 861 94
462 112 94 337 420 53 827 666 338 6 869 50 174 193 47 4 212
463 266 112 140 614 215 30 263 562 480 6 11 22 611 115 36 305 442 96 178 288 222 149 250 196 75 501 686 219 53 52 226 47 292
464 47 491 121 0
465 314 514 302 47 281 115 319 174 305
466 637 545 643 356 774 253 547 21 126 531 309 548 307 534 115 154 129 575 14 852 686 231 178 196 690 59 186 121 447 523 308 425 75 39 715 53 615 744 503 94 215 746 867 149 112 554 481 452 223 646 2 173 838 138 527 319 265 322 23 10 209 764 111 661 181 52 275 188 306 91 220 679 175 179 191 703 1116 823 711 69 985 225 198 732 396 562 704 170 88 890 180 444 6 446 558 348 274 161 594 219 105 64 612 507 202 93 417 382 61
467 481 487 21 411 125 563 94 258 85 144 450 95 455 562 460 491 574 618 231 96 496 183 22 495 190 146 570 268 456 589 1026
468 94 66 221 75 167 309 208 223 197
469 229 465 278 262 162 174 310 47 245
470 318 472 185 496 455 45 126 483 61 562 11 457 180 128 121 469 171 563 309 165 331
471 7 781 173 92 191 11 290 505 508 261 328 190 239
472 110 831 484 18 246 19
473 181 306 184 192 309 209 495 66 219 189 138 496 198
474 251 239 128 611 85 176 96 11 121 459
475 22 6 598 337 266 1119 11 1140 416 176 566 609 53
476 422 438 184 403 477 673 401 389 137 138 121 129 167 187 178 166 47 84
477 645 47 230 248 250
478 49 172 205 675 163 769 9 896 67 29 663 609 597 79 1099 371 491
479 1025 235 200 150 770 392 206 121 185 884 156 548 96 158 266 163 1 128 938
480 897 458 1034 214 459 493 266 472 454 169 482 473 603 599 149 57 161 286 562 610 168 181 455 178 900 128 31 450 604 172 191 130 457 85 180 490 614 121 418 611
481 565 450 1033 574 562 455 599 459 589
482 120 47 144 8 18 279 251
483 251 238 262 935 310 255 335 96
484 166 92 75 348 309
485 91 356 673 374 581 161 234 776 83 608 834 0 258 210 68 522 62 27 166 61 154 585 679 620 446 189 167 45 395 208 308
486 79 209 562 166 660 251 187 419
487 174 282 245 243 242 251 334 264 47 275
488 819 96 736 8 1094 278 121 246 759
489 694 89 6 47 451 286 819
490 11 261 168 6 348 489 659 409 495 459 612
491 439 1140 773 205 658 42 200 67 888 1025 822 486 206 1119 1148
492 530 154 32 266 28 72 392 115 2 210 258 1041 16
493 669 356 197 95 137 338 14 324 307 271 429 213 208 275 265 165 157 404 125 81 530 127 136 1111 402 417 126 79 852 615 602 545 461 115 406 39 447 27 389 345 358 166 836 65 155 174 60 78 1052 944 934 7 357 232 101 148 862 261 218 11 171
494 305 281 252 803 287 514 292 265 782 324 330
495 278 143 120 96 13 279 110 5 131
496 958 184 231 82 96 348 278 298 42
497 118 47 197 289 417 195 281 984 394 194 177 762 150 244 309 180 409 190 39 295 53 251 231 266 255 265 31 161 172 162 131 61 298 208 484 657 167 819 497 305 856 10 96 311 138 13 768 166 11 510 1141 185 406 459 214 143 186 216 767 7 553 704 498 227 184 1030 943 94 442 181 286 235 980 126 1018 612 639 45 171 992 889 324 165 940 942 422 443 169 217 22 88 66 294 331 490 182 261 396 14 55 900 189 111 278 239 269 21 8 536 92 451 796 123 44 502 290
498 591 189 209 67 63 96 79 66 155 616 776 234 166 348 617 154 279 859 148 94 53 683 972 193 248 275 146 309 402
499 984 484 144 174 451 846 13 991
500 292 290 286 14 47 276 453 282
501 305 694 251 304 279
502 275 782 230 105 557 700 867 797 248 267 704 760 1069
503 121 419 169 10 85 486 234 21 491 170 92 53 622 487
504 174 172 87 704 147 194 126 251 948 166 161 47
505 47 121 174 111
506 10 165 174 692 413 1052 1134 11 305 243
507 227 624 45 426 96
508 121 560 131 14 127 94 309 459 438 184 497 281 96 472 504 216 126 348 120 13 66 843 362 75 394
509 403 14 179 140 92 704 10 221 859 61 690 21 408 617 459 416 660 126 65 165 79 85 196 880 167 53 184 68 24 129 305 169 209 87 193 176 241 188 144 507 823 96 23 679 161 2 172 862 856 166 730 324 286 744 174 47
510 487 204 470 458
511 1013 62 465 568 648 972 231 536 94 566 178 697 189 862 268 612 617 58 651 426 348 915 53 10 200 565 1061 562 82 308 422 22 79 936 455 481 121
512 280 296 394 786 278
513 459 389 137 411 11 146 404 309 121 178 155 48 699 94 456
514 292 335 279 261 325 337 327 696 331 265 694
515 251 61 120 187 265 419 454 47 309 289 169 506
516 96 248 0 140
517 493 899 192 121 187 505 590 295 204 171 168 499 180 22 412 202 680 408 596 348 411 161 184 185 206
518 694 265 279 305
519 178 71 193 185
520 178 75 47 161 185 309 408 93 111 411 391 502 22 94 180 121 416 174
521 111 390 234 219 608 305 251 292 112 536 176 21 78 374 622 138 180 523 188
522 68 706 287 115 533 274 233 345 880 0 684 408 14 826 139 157 60 305 167 939 314 132 699 78 557 90
523 129 174 530 111 891 144 242 96 839 165 250 92 582 550 374 83 264 545 639 47 305 536 147 52
524 11 497 416 158 138 53 47 159 681 915 394 559 85 374 61 177 149 162 79 215 97 96 202 206 200 94 92 188 166 75 121
525 47 268 197 459 419 616 605 174 75
526 47 265 278 279 269 13 305
527 92 412 162 459 129
528 172 443 170 55 189 309 176 650 48 198 169 96 190 21 173 6 496 180 192 264 643
529 263 321 294 833 783 297 292 760 352 331 281 324 285 235 317 329 902
530 504 180 155 197 111 190 485 972 534 47 129 617 175 61 140 14 408 83 165 21 192 637 443 299 94 11 105 608 612 186 126 22 167 166 131 203 216 66 138 96 270 646
531 452 111 248 557 265 290 230 209 94 686 10
532 92 165 75 456 177 179 459 77 391 174 657 486 637 167 47 126 137 95 188 91 61 166
533 230 294 279 305 115 306 121 451 8 265 269
534 262 255 318 239 324
535 215 558 251 305 115 96 736 112 9 14
536 643 394 1047 267 279
537 174 138 223 414 258 523 179 197 167 374
538 463 438 1026 658 714 171 574 206 459
539 836 166 374 197 232 943 620 348 11 694 179 161 61 53 309 819 81 333 203 294 75 128 224 195 173 412 163 329 305 702 182 167 646 262 177 52 207
540 460 775 278 235 297 487 489 128 22 529 191
541 915 820 668 99 203 127 47 859 558 252 947 287 745 76 84 355 141 707 651 14 242 68 852 515 243 28 530 0 551 7 78 461 384 676 760 892 358 429 516 137 167 305 403 79 161 395 372 63 92 159 839 683 375 98 230 686 715 448 27 48 166 552 946 397 401 828 179 393 20 373 374
542 53 460 83 201 143 96 188 0 22 161 202 198 11 664 123 269 178 212 126 616 233 419 121 149 450 239 416
543 292 250 115 317
544 172 190 168 488 499 193 56 494 202 450 414 459 411 128 489 31 490 445 309 184 201 58 57 599 611 482 178
545 21 348 166 70 170
546 92 296 181 147 187 184 638 27 177 167 75 188 374 418 536 170 166 174 425 414 223 314 145 478 63 486 165 162 195 0 476 90 105 215 459 416 161 533 178 460 268 176 415 197 227 201 59
547 0 284 447 111 250
548 588 47 456 460 137 128 459 201 166
549 298 235 491 262
550 47 534 79 150 173 232 692 21 121 188 690 53 85 179 167 507 637
551 309 215 305 122 47 862 21 27 75 166 167 162 258 617 276 554 292 138 680 268 203 242 108 137 189
552 855 1026 180 981 311 811 1093 75 490 121 255 480
553 7 175 491 42 144 53 503 171 394
554 483 566 404 121 374 729 618 137 170 22 305 130 565 457 472 93 168 190 422 455 562 171 82 657 429 53 937 184 493
555 126 456 91 394 209 161 474 27 75 159 187 138 417 7 165 158 174 167 129 658 309 203 85 0 491 178 221
556 5 89 278 1096 239
557 10 265 280 312 92 348 47 121 324 128 180 143 305 53 704 11 39
558 85 180 616 454 490 77 162 729 165 457 121 455 460 562 49 456 11 147 269 504 47 278 394 570 470 611 179 614 458
559 149 411 242 66 233
560 176 3 172 195 192 1063 505 413 450 294 491 180 482 128 309 770 193 262 572 279 899 604 121 302 181 611 474
561 278 216 608 118 309 125 185 265 189 82 262 27 348 8
562 203 276 265 514 262 358
563 438 121 108 466 11 47 0 144 394 604 180 174 487 185 491 611
564 458 221 456 614 455 616 570 461 460 562 657
565 243 374 197 251 638 544 234 32 3 92 686 154 11 536 250 448 47 152 174 203 85 167 519 281 117 59 63 35 6
566 335 295 694 265 306 504 302 331
567 121 275 111 119 704 686 305
568 298 507 485 1167 607 309 439 1162 804
569 258 174 335 162 165 47 0 250 126 309 108 760 818 166 61 21 161 319 186 294
570 299 1052 238 261 484 292 87 287 123 281 432
571 174 348 216 27 161 47 79 695 166 279
572 269 394 162 278 309 143 13 47
573 279 287 1098 282
574 823 65 88 612 47 48 121 83 174 265 408 61 11 147 144 239 149 21 261 189 180 91 444 897
575 487 312 294 180 53 127 126
576 230 661 78 7 459 14 208 165 394
577 94 450 409 180 173 480 348 178 198 61 163 128 318 95 608 497 201 175 191 490 504 456 121 129 11 443 45 53 308 166 185 190 419 207 202 171 862 494 291 611 411
578 281 635 330 631 323 317 698 252 320 1048 329 296 350 340 332 805 301
579 6 243 215 103 14 692 115 319 47 392 292
580 211 94 61 419 231 201 348
581 562 0 163 500 563 309 178 171 607 175 61 645 198 75
582 348 305 45 93 497 590 480
583 184 189 8 192 47 115 21 190 94 78 167 125 174 408 93 126 496 169 121 170 487 605 474 1065 502 486 66 129 459 309 503 977 187 135 458 198 618
584 310 901 337 235 879
585 499 335 306 299 411 294 303 8 496
586 663 293 266 143 294 117 270 235 118 261 0 695 276 101 123 692 449 292 871 47 263 6 319 121 277 250 239 940 360
587 79 47 505 203 183 165
588 278 307 96 306 694 47 265 303 268 118
589 250 47 230 112 174 14
590 198 563 204 47 171 472 125 611 467 456 562 309 605 265 129 468 464 94 416 279 190 470
591 919 290 258 115 61 0 292 828 268 167 275 35 536 248 75 309 21 668 581 386 141 28 638 215 203 651 583 59 78
592 507 163 1162 279 963 155 201 184 548 110 96 850 604 809 7 509 617 1014 1165 89 1133 131 297 338 503 309 310 409 459 667 658 244 9 153
593 0 782 47 305 248 776 277 230 998 251 112 310 760
594 61 188 21 27 180 167 92 53 121 154 275 210 10 165 227 415 225 47 932 176 309
595 22 128 180 185 129 416 613 455 53
596 262 459 651 131 658 189 439 331 647 665 126 679 9 241 672 859 85 270 7 405 137 1005 184 429 155 630 163 472 49 108 15 206 162 309 265 852 128 617 82 820 182 110 370 680 304 411 451 165 822 854 268
597 676 381 374 357 93 386 174 717 78 536 104 677 645 651 70 619 213 706 674 612 166 203 68 63 665 165 912 836
598 174 47 292 392 894 243 2 111
599 195 410 186 309 258 86 154 75 0 39 61 27 198 690 166 169 266 456
600 309 459 87 268 137 189 187 561 620 915 184 82 472 127 78 0 483 348 125 570 204 503 409 198 480 121 45 502 27 657 411 608 208 61 190 258 95 490 456 47 469 21 898 250 565 450 458 130 167 416 201 178 209 462 677 144 487 66 128 115 645 461 53 55 206 203 267 230 474 679 147 491 292 49
601 280 24 286 261 313 294 451 239 275 987 299 230 120 292 797 262 686 304 305
602 700 292 447 686 392 695 14
603 216 617 309 66 61 213 94
604 935 294 1016 279 804
605 47 319 348 382 292 503 21 189 187 878 168 166 172 447 209 73 174 915 165 167 668 432 27 408 617 279 262 589 369
606 144 324 760 319
607 96 279 324 18
608 417 196 180 39 241 615 418 84 200 67 406 162 446 85 161 157 243 108 267 27 179 632
609 251 96 262 250
610 190 185 348 382 209 438 93 66 189 411 657 1139 163 137 206 503 61 183 647
611 782 791 643 279 323 236
612 18 13 940 131 118 491 19
613 566 137 309 206 472 461
614 179 168 121 149 180 450 185 251 131
615 309 198 173 176 92 203 66 562 374 167 138 85 169 186 503 394 162 166 221 157
616 350 66 96 92 1112 502 318 1113 93 293
617 94 472 454 390 411 258 128 167 456 21 47 189 348 171
618 217 96 289 303 295 269 294 688
619 121 562 484 856 614
620 468 183 495 96 94 118 251 119 61
621 174 415 75 47 138 195 165 197 374
622 201 22 216 416 45 462 295 173 618 176 422 611 83 1026 204 472 605 657 450 1033 470 478 473 87 129 198 592 437 404 95 394 597 552 546 477 294 646 485 103 558 47 411 502 93 457 822 68 680 338 456 261 484 458 589 29 843 53 608 796 305 127 574 227 565 459 403 94 172 506 500 10 401 461 562 82 620 984 66 495 501 255 408 208 451 181 7 550 348 469 309 180 852 438 505 155 278 757 175 391 480 130 722 563 311 474 455 548 61 228 899 128 92 178
623 167 251 169 47 243 85 179 168 503 309
624 119 30 679 147 144 138 10 754 192 165 14 188 66 187 221 166 562 161 367 616 176 415 78 456 460 472 92 690 391 204 502 94 95 403 618 264 130 612 507 167 382 21
625 293 171 241 403 463 680 616 47 125 174 459 39 161 262 187 91 186 83 552 94 27 79 137
626 264 281 298 318 252 294 299
627 491 460 459 192 208 287 68 411 614 94
628 562 171 96 52 996
629 3 522 196 169 491 251
630 129 121 228 6 170 991 102 949 53 146 280 77 315 61 566 156 279 66 592 613 307 957 398 294 456 503 13 488 246 638 184 96 1004 459 458 195 460 250 927 176 465 520 287 206 450 715 614 179 886 196 900 562 231 657 481 145 177 94 164 7 193 915 883 992 455 861 414 796 147 490 507 144 457 163 283 128 110 607 166 118 373 409 172 188 161 804 137 89 216 609 451
631 894 292 0 115 111 686 319 215 213
632 913 429 356 713 760
633 519 141 174 47 1002 14 230
634 294 451 784 166 491
635 268 1064 587 854 67 53 15 58 438 938 675 215 485 161 371 416 96 56 217 57 129
636 137 68 472 552 416 282 167 115 126 91 111 61 591
637 278 121 235 279 498 131 13 39 888
638 128 121 418 309 161 201 205 472 7 691 198 450 27
639 200 94 96 165 482 215 459 163 500 974 416 457 820
640 166 0 292 305 13 8 121 265
641 484 0 819 24 292 246 282 275 144 6 89 14 891 251 692 13 736 325 451 268 239 324 243 111 831 96
642 79 230 251 27 843 268 68 660 980 0 66 394 182 209 296 801 7 14 552
643 312 305 306 319 251 322 238
644 162 899 57 164 13 507 1092 251 172 58 147 438 145 202 180 174 165 819 56 161 163 629 1144
645 172 231 220 495 195 632 173 714
646 336 318 335 694
647 227 161 121 487 21 618 450 185 47 613 659 27 490 459 485 167 184
648 161 348 53 111 497 39 740 195 197 498 173 8 645
649 10 358 39 193 147
650 174 20 188 251 287 112
651 619 192 127 348 93 408 165 502 180 487 309 203 657 197 474
652 459 96 450 121 198 167 180 174 129 47 165 128 294
653 337 796 264 299 334
654 262 305 251 317 694
655 193 309 126 552 165 6 408 127 8 27 230 68 348 105 472 191 201
656 302 643 694 251
657 94 459 176 127 309 618 11 61 96 637 192 126 977 279 553 474 234 169 85 408 486 504
658 121 451 8 47 143 269 123
659 936 1072 94 39 703 111 14 266 290 209
660 318 47 292 174 8 298
661 287 991 144 47
662 235 451 47 231 490 23 762 262 121 13 110 278 131
663 96 7 202 24 552 161 168 6
664 83 472 161 167 358 3 111 169 1065 695 208 404 94 115 53 306 1 463 264 959 189 166 176 215 35 637 917 559 174 389 645 180 148 85 552 47 683 144 460 307 11 459 429 66 221 717 63 146 290 154 286 223 243 677 840 82 250 138 230 454 258 197 137 193 591 392 374
665 267 20 692 166 276 252 392 742 461 660 668 91 137 115 247 258 680 60 47 174
666 455 251 611 166 167
667 803 287 281 292 324 293 319 323 635
668 314 6 227 251 317 212 707 788
669 279 796 303 235 262
670 78 309 191 620 122 203 208 0 177 215 23 174 574 486 456 188 645 61 161 474 21 313 422 192 491 170 94 604 92 472 499 562 250 348
671 451 446 422 161 621 193 176 231 32 140 131 168 216 147 1011 87 190 513 846 334 709 144 6 89 52 477 589 100 262 44 116 529 498 314 183 343 959 964 429 485 1163 412 971 94 143
672 175 611 85 197 138 461 127 487 11 91 472 169 47 172 53 203 180 394 770 404 168 137 121 167
673 404 925 95 503 910 258 571 21 988 68 461 429 637 487 305 60 167 502 127 467 192 75 129 174 523 939 165 552 496 446 389 516 130 292 416 827 486
674 287 294 694 255 305 331 257 781
675 265 319 299 294
676 293 788 317 287 324 305 312 809 262 292 319
677 293 296 643 251 314 279 292
678 166 459 176 348 504 472 441 92 208 119 126 679 558 862 193 47 174 165 416 184 62 604 470 82 54 130 147 408 402 915 83 389 505 0 68 639 223 572 93 108 137 1034 411 754 616 183 127
679 1146 241 331 306 337 292 294 279
680 173 93 268 167 61 120 948 14 126 206 348 309 227 0 411 485 75 267 933 53 657 27 1028 760 230 460 91 378
681 204 478 30 184 6 93 45 138 451 21 677 189 83 50 279 408 88 209 190 165 181 12 412 186 61 94 450 309 7 617 166 66 150 145 96 53 180 611 409 85 187 3 231 55 167 47 612 490 149
682 408 875 6 290 448 167 169 11 111 1055 519 874 374 238 243 119 640 313 873 284 827 115 392 188 316 215 534
683 305 415 165 47 52 97 50 167 53 334 121 174 188 169 21 1052 545 258 85 622 170
684 18 853 58 851 331 263 488 56
685 66 96 487 21 120 198 47 305 174 195 419 456 219 258 203 94 165 552 474 460 450 527 186 523 167 411
686 92 174 265 243 167 290 47 6 11 61 663 562 305 138
687 331 180 153 121 147 196 464 178 176 1153 188 611 202 575 92 170 822 625 553 161 85 484 175 128 185 897 264 337 22 31 1019 290 44
688 262 305 285 143 281 121 47 451 306 307 324 269 586
689 316 137 659 382 611 125 569 155 190 172 305 475 517 679 348 173 591 93 189 203 127 309 362 24 66 607 14 464 227 126 565
690 11 173 616 570 614 163 611 185 309 562 262 285 156 499 294 180
691 276 282 144 119 888
692 166 558 174 309 473 172 137 268 6 161 282 53 165 819 251 657 0 667 79 250 404
693 451 278 949 47 111
694 760 408 604 129 159 938 1063 94 474 227 472 162 482 507 489 793 196 231 95 612 289 173 7 450 158 53 190 491 534 422 548 658 161 414 488 468 295 79 481 459 490 616 166 188 404 504 495 492 96 460 618 575 13 449 195 1121 183 22 469 562 501
695 322 279 299 305 642 1077 251
696 261 262 263 331 783 294
697 176 629 129 264 6
698 47 66 209 174 23 166 79 820
699 534 198 562 560 605 186 459 32 496 52 82 616 126 179 173 708 221 480 754 231 458 262 456 504 47 462 1131 971 183 1 611 470 469 161 184 568 506 571 195 637 464 172 137 481 66 177 39 3 121 388 415 178 600 695 460 530 650 461 201 53 191 489 646 258 10 532 450 167 227 614 196 503 426 409 753 85 44 226 11 546 724 294 404 208 491
700 363 251 103 166 987 232 293 282 1008 1101
701 157 287 977 31 505 145 574 456 200 197 309 189 404 202 971 699 165 119 91 158 959 412 466 506 147 85 899 691 562 600 172 596 677 24 450 78 760 348 863 207 493 569 454 174 195 474 620 465 382 208 159 729 102 163 422 490 415 438 461 392 683 496 865 179 611 411 167 156 406 488 47 190 146 460 128
702 826 137 165 14 281 290 552 26 167 591 115 127 227 630 190 406
703 197 201 466 534 7 166 292 203 165 862 221 14 167 115 686 456 174 78 287 68 93 161 27 605 536 21 657 47 66 404
704 646 10 265 503 165 392 686 231 47 894 266 264 138 175 337 817 243 338 61 153 331 53 88 294 21 121 992 290 324 554 784 749
705 309 193 89 286 821 281 231 7 11 96 8 61 118 53
706 694 306 305 307
707 805 451 110 276 268
708 242 406 703 761 849 511 280 452
709 163 282 49 82 268 371 79 550 888 505 310 235
710 47 121 281 890 450 191 209 174 140 953 61 21 413 115 269 168 105 192 562 614 176 111 172 964 456 415 686 57 75 221 166 96 264 165 175 137 418 193 497 604 744 9 56 472 167 275 612 448 77 518 204 215 250 173 253 188 6 827 181 243 58 129 85 94 459 189 871 591 862 126
711 809 324 306 317 352 251 305 337 261 298 315 319 318 325 292 299 302
712 394 47 266 10 128 21 166 118 94 169 6 126 61 459 269 53 83 231 0 44 472 138 87 11 96 447 174 45 108 195 279 392 408 679 8 92 167 103 91 608 27 196 127 78 70 66 276 680 324 358 390 216 309 162 251 228 55 485
713 6 162 819 294 762 520 1052
714 456 22 129 309 92 167 500 188 203 607 221 94 282 487 47 451 174 168 263 143 200 179 608 21 614 61 8 1004 450 53 472 11 279 30 459 915 609 1000 938 562 27 6
715 199 176 608 144 203 143 171 432 233 130 398 47 221 191 957 394 182 821 22 122 174 598 58 603 61 162 108 308 1052
716 398 491 96 121
717 562 480 496 459 185 503 627 42 53 167 490 548 175 455 0 181 55 723 61 121 472 83 614 8 190 943
718 167 170 294 47 21 53 166 305 251 92 263 121 543 188 165 203 180 502 317 75 175
719 281 803 305 292
720 348 121 497 490 611
721 710 162 822 490 164 548 450 166 608 480 11 488 943 457 176 324 47 61 487 94 167 53 820 609 31 173 204 408
722 45 18 563 503 487 309
723 491 57 56 163 169 67 157 53 94 507 13 58
724 411 506 680 401 472 457 450 505 309 13 278 61
725 608 288 197 47 174 175 338 11 337 265 562 178 118 96 138 39 169 307 173 65 27 239 536 61 201 53 408 348 646 294 170 984 227 121 250 180
726 620 173 46 560 215 172 94 111 422 167 128 324 583 258 269 115 504 502 119 506 48 348 381 185 400 186 61 178 21 192 137 404 27 496 546
727 186 491 197 166 68 179 208 14 7 82 230 215 876 218 472 411 188 78 221 161 404 47 165 85 198 369 692 408 268 126 75 0 167 94 486 178 201 170 184 129 174 536 95 192 144
728 6 123 777 50 660 921 505 249 897 664 205 161 553 613 438 57 313 131 1044 42 386 128 482 85 440 437 110 899 463 168 390 604 346 692 314 121 269 376 495 1151 1118 1123 178 250 307 282 938 204 176 146 499 58 453 53 480 1168 804 294 981 807 488 1012 118 849 884 278 414 9 877
729 8 262 172 548 370 251 96 371 505 820
730 203 0 67 93 182 230 309 617 162
731 140 102 166 6 154 309 123 165 608 614 451 75 171 261 940 669 889 8 11 184 209 173 61 91 892 39 703
732 893 880 360 0 105 272 986 203 1147 174 911 591 645 95 661 199 87 780 83 35 356 23 701 825 704 309 969 169 406 862 44 287 27 134 532 559 398 233 905 21 165 195 699 119 115 250 558 103 112 144 122 973 62 416 441 826 53 137 109 47 367 297 432 359 948
733 262 722 279 703 490
734 1149 189 53 123 438 179 491 166 61 146 187 10 488 171 609 143 11 966 943 32 162 456
735 165 411 129 455 491 419 128 408 611 167 161 996 590 227 47 456 553 22 121 279 188 348 450 126 187 172 180 497 614 629 144 178 625 305
736 274 447 1028 24 435 278 275 305 279 230 101 267 96 1069 776 452
737 128 83 618 121 563 606 85 166 184 476 93 138 277 11 457 196 180 171 167 408 96 165 552 47 175 169 625 472 312 574 146 126 409 572 458 185 571 188 492 75 7 348 620 491 129 599 173 226 94 463 501 460 66 309 499 560 454
738 53 0 392 165 154
739 773 455 529 697 822 56 11 172 19 488 1026 57 853 269 512 884 205 183
740 174 12 47 268
741 501 130 266 94 208 167 221 209 128 180 413 85 21 708 47 7 318 84 79 183 230 196 657 174 121 166 173 165 469 617 234 465 251
742 0 559 448 207 121 179 826 144 187 536 137 170 562 66 188 193 632 21 78 126 154 93 176 68 32 47 616 413 575 130 441 65 227 408 401 95 94 204 367 422 502 75 201 591 474 477 169 112 472 627 181 497 776 389 115 281 397
743 310 318 306 307
744 647 202 209 147 275 472 91 75 47 115 146 251 959 167 411
745 21 11 221 138 452 536 92 534 1161 154 167 404 496 223 917 27 148 1097 774 78 367 60 70 382 419 187 165 380 188 683 0 197
746 309 47 491 169 456 473 138 184 7
747 96 309 175 269 184 22 180 87 497 216 53 94 179 178 172 646 44 422 173 499 612 181 61 149 12 11 411 704 991 231 204
748 282 406 271 230 268 267 248
749 586 630 269 279 280
750 704 96 672 638 554 308 267 747 448 82 140 684 742 736 473 274 324 191 663 674 972 586 195 649 241 94 309 268 496 79 277 138 916 779 1043 279 84 1074 111 313 651 447 389 92 1055 218 175 826 1042 688 1008 1002 924 926 18 894 68 305 24 75 284 482 904 265 650 823 703 591 692 382 4 923 270 105 526 683 123
751 94 127 411 472
752 548 110 268 292 974 485 158 159 254 371 82
753 419 178 370 137 183 386 862 179 769 455 660 202 146 441 166 144 612 562 184
754 126 459 137 408 458 561 190 13 161 616 612
755 55 348 503 138 168 167 262 85 166 572 8 6 193 18 169 61 184 221 450 404 125 614 92
756 96 77 13 128 47 205 45 239 8 53 488 487 819 459 261 39 173 409 55 88 61 85 167 165
757 684 269 143 230 649 452
758 412 131 183 206 658 987 1164 769 370
759 959 54 14 484 309 548 55 278 96 134 529 664 94 269 305 123 229 78 408 268 61 89 404 371
760 305 174 166 738 908 127 115 319 63 189 215 631 404
761 85 195 144 165 258 166 47 167 94 843 411 21 174
762 324 167 174 281 266 325 288 161 96 891 123 663 250 47 331 1068 451
763 167 499 188 0 166 657 822 480 472 417 171 309
764 215 287 221 369 14 358 951 223 281 292 382 392 69 250 91 552 405 515 28 115 10 68 699 61 536
765 7 94 180 472 886 349 787 786 902 259 158 463 785 262 108 45 165 261 693 128 239
766 85 493 491 178 497 180 121 21 129
767 268 491 121 292 815 279 307 324 306
768 129 1034 938 169 473 501 172 459 202 1140 553 604 474 1121 165 147 187 108 570 483 1035 614 605 94 267 204 618 689 574 492 616 607 471 977 413 611 455 456 597 458 460 171 500 418 96 493 562 504 348 198 182 575 469 467 464 571 8 192 753 487 130 1119 1148
769 61 94 172 450 121 53 173
770 47 190 289 195 216 392 201 1119 167 490 464 416 620 53 505 856 617 165 3 12 400 146 677
771 686 230 774 279 267 305
772 229 243 242 520 246 89 451 956 886 1087 736 1093 316 19 887 1006 279 315 5 18 1005 269 121 1095 811
773 305 891 174 361 904 105 121 776 47 215 826 115 281 251 558 112 96
774 642 452 115 1022 215 317 926 1068 213 121 112 290 686 248 904 700 278 14 276 8 273
775 92 187 7 53 91 769 411 292 458 660 251
776 118 111 174 290 394
777 408 411 338 296 186 30 125 476 165 566 472 91 47 925 93 504 616 460 68 167 265 95 75 258 496 456 292 208
778 179 208 11 447 177 121 838 52 669 826 94 461 39 61 175 75 484 180 451 226 275 573 96 1 187 53 198
